num of scales: 96
scales:
[ 2.          2.02083333  2.04210526  2.06382979  2.08602151  2.10869565
  2.13186813  2.15555556  2.17977528  2.20454545  2.22988506  2.25581395
  2.28235294  2.30952381  2.3373494   2.36585366  2.39506173  2.425
  2.4556962   2.48717949  2.51948052  2.55263158  2.58666667  2.62162162
  2.65753425  2.69444444  2.73239437  2.77142857  2.8115942   2.85294118
  2.89552239  2.93939394  2.98461538  3.03125     3.07936508  3.12903226
  3.18032787  3.23333333  3.28813559  3.34482759  3.40350877  3.46428571
  3.52727273  3.59259259  3.66037736  3.73076923  3.80392157  3.88
  3.95918367  4.04166667  4.12765957  4.2173913   4.31111111  4.40909091
  4.51162791  4.61904762  4.73170732  4.85        4.97435897  5.10526316
  5.24324324  5.38888889  5.54285714  5.70588235  5.87878788  6.0625
  6.25806452  6.46666667  6.68965517  6.92857143  7.18518519  7.46153846
  7.76        8.08333333  8.43478261  8.81818182  9.23809524  9.7
 10.21052632 10.77777778 11.41176471 12.125      12.93333333 13.85714286
 14.92307692 16.16666667 17.63636364 19.4        21.55555556 24.25
 27.71428571 32.33333333 38.8        48.5        64.66666667 97.        ]

num of scales: 97
scales:
[  2.           2.11892619   2.2449241    2.37841423   2.5198421
   2.66967971   2.82842712   2.99661415   3.1748021    3.36358566
   3.56359487   3.77549725   4.           4.23785238   4.48984819
   4.75682846   5.0396842    5.33935942   5.65685425   5.99322831
   6.34960421   6.72717132   7.12718975   7.5509945    8.
   8.47570475   8.97969639   9.51365692  10.0793684   10.67871883
  11.3137085   11.98645662  12.69920842  13.45434264  14.25437949
  15.101989    16.          16.95140951  17.95939277  19.02731384
  20.1587368   21.35743767  22.627417    23.97291323  25.39841683
  26.90868529  28.50875898  30.20397801  32.          33.90281902
  35.91878555  38.05462768  40.3174736   42.71487533  45.254834
  47.94582646  50.79683366  53.81737058  57.01751796  60.40795601
  64.          67.80563804  71.83757109  76.10925536  80.63494719
  85.42975067  90.50966799  95.89165292 101.59366733 107.63474115
 114.03503592 120.81591202 128.         135.61127608 143.67514218
 152.21851072 161.26989439 170.85950133 181.01933598 191.78330584
 203.18733465 215.2694823  228.07007184 241.63182405 256.
 271.22255216 287.35028437 304.43702144 322.53978877 341.71900267
 362.03867197 383.56661168 406.3746693  430.53896461 456.14014369
 483.26364809 512.        ]

 =============== manual getdefaultscales ============

 s0: 2
ds: 0.08333333333333333
[  2.           2.11892619   2.2449241    2.37841423   2.5198421
   2.66967971   2.82842712   2.99661415   3.1748021    3.36358566
   3.56359487   3.77549725   4.           4.23785238   4.48984819
   4.75682846   5.0396842    5.33935942   5.65685425   5.99322831
   6.34960421   6.72717132   7.12718975   7.5509945    8.
   8.47570475   8.97969639   9.51365692  10.0793684   10.67871883
  11.3137085   11.98645662  12.69920842  13.45434264  14.25437949
  15.101989    16.          16.95140951  17.95939277  19.02731384
  20.1587368   21.35743767  22.627417    23.97291323  25.39841683
  26.90868529  28.50875898  30.20397801  32.          33.90281902
  35.91878555  38.05462768  40.3174736   42.71487533  45.254834
  47.94582646  50.79683366  53.81737058  57.01751796  60.40795601
  64.          67.80563804  71.83757109  76.10925536  80.63494719
  85.42975067  90.50966799  95.89165292 101.59366733 107.63474115
 114.03503592 120.81591202 128.         135.61127608 143.67514218
 152.21851072 161.26989439 170.85950133 181.01933598 191.78330584
 203.18733465 215.2694823  228.07007184 241.63182405 256.
 271.22255216 287.35028437 304.43702144 322.53978877 341.71900267
 362.03867197 383.56661168 406.3746693  430.53896461 456.14014369
 483.26364809 512.        ]